0 0.196875 0.27125 0.1941875 0.23029166666666667 0.109421875 0.22977083333333334 0.11370312499999999 0.38218749999999996 0.1521875 0.3790833333333333 0.311984375 0.45579166666666665 0.337640625 0.3718125 0.363703125 0.3738958333333333 0.362140625 0.2308125 0.284375 0.232875 0.284765625 0.3127083333333333
0 0.46171875 0.28 0.47348437499999996 0.27939583333333334 0.474421875 0.19854166666666667 0.40629687499999995 0.19729166666666667 0.408640625 0.2812708333333333 0.41237500000000005 0.28935416666666663 0.4095625 0.31485416666666666 0.400234375 0.31610416666666663 0.400703125 0.4056875 0.45093750000000005 0.41083333333333333 0.45359375 0.40854166666666664 0.47421875 0.4075 0.47348437499999996 0.33289583333333334 0.457625 0.33166666666666667
0 0.51384375 0.4064375 0.5124375 0.3087708333333333 0.54184375 0.30752083333333335 0.54696875 0.2652291666666667 0.513375 0.2677083333333333 0.511046875 0.16195833333333332 0.5982968750000001 0.16133333333333333 0.597828125 0.21670833333333334 0.623484375 0.22166666666666668 0.611828125 0.37595833333333334 0.598765625 0.37906249999999997 0.59921875 0.4070625
0 0.69453125 0.33395833333333336 0.69328125 0.2951666666666667 0.633984375 0.2964583333333334 0.633671875 0.38329166666666664 0.6625 0.382 0.6625 0.39410416666666664 0.749984375 0.4238958333333333 0.756140625 0.39366666666666666 0.786921875 0.39149999999999996 0.78821875 0.29733333333333334 0.73215625 0.30120833333333336 0.73184375 0.34831249999999997
0 0.6344375 0.24177083333333332 0.632828125 0.16358333333333333 0.6710625 0.16402083333333334 0.74784375 0.13075 0.7617812500000001 0.16358333333333333 0.788671875 0.1605625 0.7893125000000001 0.24522916666666666 0.7322968750000001 0.24264583333333334 0.73196875 0.20635416666666667 0.68953125 0.22362500000000002 0.68953125 0.2435
0 0.8728125 0.29125 0.8487656250000001 0.29287500000000005 0.8465 0.3624375 0.910984375 0.36502083333333335 0.910984375 0.30541666666666667 0.92459375 0.29935416666666664 0.922640625 0.27689583333333334 0.919734375 0.27299999999999996 0.91228125 0.20735416666666667 0.9135781250000001 0.19827083333333334 0.91228125 0.18185416666666668 0.9119531249999999 0.15939583333333335 0.846828125 0.15810416666666666 0.84553125 0.22764583333333333 0.86659375 0.2311041666666667
0 0.97321875 0.6781874999999999 0.9841093750000001 0.7196666666666667 0.97828125 0.7476458333333333 0.979828125 0.7880833333333332 0.942109375 0.7896458333333333 0.9440625 0.7227708333333334 0.907125 0.7025625000000001 0.91840625 0.6616041666666667 0.896234375 0.6538333333333333 0.921515625 0.5262916666666667 0.946390625 0.5382291666666668 0.9456093750000001 0.5268125 0.939390625 0.5226666666666666 0.9378437500000001 0.48741666666666666 0.9759375 0.48741666666666666 0.977890625 0.5392499999999999 0.96778125 0.5418541666666666 0.968171875 0.5475625 0.991109375 0.5553333333333333 0.968546875 0.6704166666666667
0 0.695421875 0.6619166666666667 0.70009375 0.6743541666666667 0.7028125000000001 0.7899583333333333 0.746359375 0.7941041666666667 0.745578125 0.6655416666666666 0.7292500000000001 0.6645 0.72496875 0.646875 0.737796875 0.6375416666666667 0.7063125 0.5432083333333334 0.6833750000000001 0.5520208333333334 0.6833750000000001 0.5214166666666666 0.6448750000000001 0.5245416666666667 0.6448750000000001 0.5722291666666667 0.6289374999999999 0.5323125 0.6036718750000001 0.5437083333333333 0.6165 0.590375 0.553125 0.6251041666666667 0.5822812500000001 0.7168541666666666 0.593171875 0.7132291666666667 0.5993906250000001 0.7427916666666667 0.59484375 0.7845833333333334 0.63234375 0.7875 0.6312656249999999 0.7318958333333333 0.6188281250000001 0.69975
0 0.8814062500000001 0.7887500000000001 0.880296875 0.6813541666666667 0.8725156249999999 0.6808333333333334 0.8678593749999999 0.653875 0.88146875 0.6518125 0.88146875 0.5450208333333334 0.78659375 0.5501874999999999 0.787375 0.6321041666666667 0.78115625 0.6388333333333333 0.78815625 0.6746041666666667 0.793203125 0.6772083333333333 0.797484375 0.703125 0.788546875 0.703125 0.788921875 0.7871041666666667
0 0.161265625 0.15229166666666666 0.161625 0.19470833333333332 0.211171875 0.19422916666666667 0.22418749999999998 0.20435416666666667 0.2525 0.15083333333333335 0.25928125 0.15806250000000002 0.258546875 0.19327083333333334 0.31678125 0.19327083333333334 0.31642187499999996 0.109375 0.25928125 0.10839583333333333 0.25964062499999996 0.15325 0.24878125 0.1440833333333333 0.1735625 0.07512500000000001 0.14390624999999999 0.13491666666666668
