0 0.21172916666666666 0.788140625 0.21231250000000004 0.8823281250000001 0.24587499999999995 0.8823281250000001 0.256875 0.88665625 0.34308333333333335 0.869734375 0.34483333333333327 0.88275 0.4547708333333334 0.881453125 0.4530416666666666 0.78596875 0.37260416666666674 0.788578125 0.36391666666666667 0.780328125 0.297375 0.79509375 0.29447916666666674 0.788140625
0 0.8056458333333333 0.15982812500000002 0.8489791666666666 0.162328125 0.8648125 0.14420312500000002 0.9222916666666666 0.168578125 0.893125 0.20232812500000003 0.8972916666666666 0.230453125 0.8706458333333332 0.232328125 0.8523125 0.260453125 0.8881458333333333 0.258578125 0.890625 0.3166875 0.8064791666666667 0.31856249999999997 0.8039791666666666 0.257953125 0.8439791666666667 0.257953125 0.8498125 0.248578125 0.7973125 0.224828125 0.8039791666666666 0.208578125
0 0.72875 0.1990625 0.7673333333333333 0.196484375 0.76975 0.113671875 0.6197708333333334 0.114390625 0.6241041666666667 0.14984375 0.5455208333333333 0.31040625 0.6260416666666667 0.33609374999999997 0.6279791666666666 0.36465625 0.7687708333333333 0.363578125 0.766375 0.284734375 0.6853541666666667 0.285828125
0 0.7226250000000001 0.40728125000000004 0.8001666666666666 0.40640625 0.7995833333333333 0.47496875000000005 0.7197291666666668 0.47628125 0.7174166666666667 0.46021875 0.6688124999999999 0.45675 0.6676666666666667 0.474109375 0.5924375000000001 0.47496875000000005 0.5930208333333333 0.45284375 0.5970625 0.400328125 0.7226250000000001 0.412921875
0 0.6917291666666666 0.541546875 0.6917291666666666 0.51153125 0.5885208333333334 0.511890625 0.5899791666666666 0.600140625 0.613125 0.598328125 0.6275833333333334 0.610265625 0.7770625 0.624375 0.782375 0.5990624999999999 0.8320416666666667 0.600140625 0.8344583333333334 0.509 0.7341458333333333 0.511890625 0.7341458333333333 0.54625
0 0.7745625 0.691390625 0.7567291666666667 0.6899375 0.7567291666666667 0.633515625 0.8411041666666667 0.632796875 0.8382083333333334 0.6736718749999999 0.8686041666666667 0.74925 0.8362916666666667 0.76046875 0.8377291666666667 0.79084375 0.75575 0.790125 0.75625 0.731890625 0.7895208333333333 0.730453125
0 0.6168750000000001 0.6346093749999999 0.7017500000000001 0.6346093749999999 0.7022291666666667 0.69103125 0.6641458333333332 0.691390625 0.6516041666666667 0.731171875 0.7041666666666667 0.7308125000000001 0.7041666666666667 0.789390625 0.6130208333333333 0.791921875 0.6125416666666667 0.757203125 0.576375 0.748890625 0.6057916666666666 0.6624531250000001 0.6183333333333334 0.66209375
0 0.7095833333333333 0.871875 0.7095625000000001 0.848015625 0.6386666666666667 0.84621875 0.6367499999999999 0.9113125 0.6951041666666666 0.91059375 0.7018541666666667 0.9246874999999999 0.81275 0.910953125 0.8383125 0.911671875 0.8402499999999999 0.84621875 0.7693541666666667 0.847296875 0.7669374999999999 0.8682812500000001
0 0.46604166666666663 0.944375 0.47854166666666664 0.941546875 0.5118125 0.9393750000000001 0.5084375 0.9787968749999999 0.46841666666666676 0.978078125 0.4539375 0.97084375 0.44429166666666664 0.9914531249999999 0.3343541666666667 0.97265625 0.3328958333333334 0.982421875 0.21283333333333337 0.979890625 0.21187499999999998 0.941546875 0.2716666666666666 0.94371875 0.3025208333333333 0.9057499999999999 0.3377291666666667 0.915875 0.3492916666666667 0.8952500000000001 0.4698541666666667 0.9216562500000001
0 0.215625 0.7462500000000001 0.33645833333333336 0.7435937499999999 0.3382291666666667 0.727171875 0.35675 0.722828125 0.3671666666666667 0.732375 0.4522291666666666 0.7089375 0.444125 0.68246875 0.4765208333333332 0.68246875 0.47420833333333334 0.6464531250000001 0.4285 0.6464531250000001 0.4643749999999999 0.6308281250000001 0.4539583333333333 0.6086875 0.4122916666666666 0.618234375 0.3781458333333333 0.554 0.28962499999999997 0.5804843749999999 0.29308333333333336 0.592625 0.2716875 0.5961093749999999 0.2109166666666667 0.595234375 0.21035416666666673 0.63515625 0.3063958333333333 0.632125 0.33995833333333336 0.696359375 0.32839583333333333 0.701125 0.2143958333333334 0.704609375
