0 0.719 0.387125 0.7230208333333333 0.39868750000000014 0.8068333333333333 0.39768749999999997 0.8108541666666667 0.3368281250000001 0.7646041666666666 0.336328125 0.7545416666666667 0.33179687500000005 0.6961875000000001 0.3428593749999999 0.6975416666666666 0.33431250000000007 0.6076875 0.33431250000000007 0.605 0.3961718750000001 0.6821041666666667 0.39768749999999997 0.6847916666666667 0.39215625000000004
0 0.7677499999999999 0.9444687500000001 0.8073125 0.9474843749999999 0.8093125000000001 0.9746406249999999 0.802625 0.9821875 0.8012708333333334 0.999796875 0.783875 1.0 0.7167916666666667 1.0 0.7167916666666667 0.9811875000000001 0.6872708333333333 0.9837031250000001 0.6835416666666667 1.0 0.5960625 1.0 0.5947291666666668 0.935421875 0.6108333333333333 0.935921875 0.6175416666666667 0.93240625 0.6436875000000001 0.934921875 0.6477083333333333 0.93240625 0.7637291666666666 0.93240625
0 0.7726458333333334 0.668265625 0.7981250000000001 0.6667500000000001 0.8028125 0.67128125 0.8028125 0.72559375 0.7176458333333334 0.72559375 0.7149791666666666 0.6657500000000001 0.6888124999999999 0.667765625 0.6874791666666666 0.72559375 0.599625 0.726609375 0.6009791666666667 0.66171875 0.6418750000000001 0.66171875 0.6378541666666667 0.627015625 0.64725 0.6224999999999999 0.7397916666666667 0.60790625 0.7592291666666667 0.6129375 0.7619166666666667 0.6556875 0.7592291666666667 0.66121875
0 0.7578958333333333 0.4841875 0.8041666666666667 0.4836875000000001 0.8068333333333333 0.546046875 0.7196666666666667 0.54403125 0.7203333333333333 0.51034375 0.6881458333333333 0.513859375 0.6861458333333333 0.546046875 0.6023125 0.544546875 0.6016458333333333 0.4811718750000001 0.6298125 0.4831875 0.6325000000000001 0.471109375 0.6425416666666667 0.466078125 0.7330833333333333 0.460546875 0.7518541666666666 0.46457812499999995
0 0.7257708333333334 0.21570312500000002 0.7252916666666667 0.25028125 0.8137708333333333 0.24993749999999987 0.8128541666666667 0.19164062499999995 0.7690625 0.19234375000000004 0.7499791666666666 0.16090625000000003 0.7420625 0.16090625000000003 0.6438124999999999 0.18674999999999997 0.6354166666666666 0.19090624999999992 0.6112083333333334 0.19056250000000005 0.6070208333333333 0.25171875000000005 0.6894375 0.25101562499999996 0.6913125 0.22376562499999997
0 0.417375 0.11967187500000005 0.417375 0.059812499999999956 0.3798125 0.059812499999999956 0.3731041666666667 0.034171875000000004 0.3496458333333334 0.03315625000000004 0.26314583333333336 0.03567187500000006 0.25710416666666663 0.04674999999999994 0.2510625 0.060328125000000024 0.2195625 0.058812499999999976 0.2215625 0.11865625000000009 0.2436875 0.12067187500000003 0.25375 0.13576562499999997 0.2685 0.13878125000000008 0.362375 0.13123437500000001 0.38049999999999995 0.12670312500000006 0.39125000000000004 0.12015624999999996
0 0.335125 0.37575000000000003 0.3335 0.396265625 0.418 0.396875 0.4204166666666667 0.336515625 0.3455833333333333 0.337125 0.3455833333333333 0.341953125 0.3141875 0.31781249999999994 0.30052083333333335 0.316 0.28845833333333337 0.322640625 0.27718750000000003 0.3353125 0.22166666666666668 0.3341093749999999 0.21925 0.3872187499999999 0.23614583333333333 0.403515625 0.257875 0.40653125 0.2829166666666667 0.41624999999999995
0 0.3311041666666667 0.504296875 0.32787499999999997 0.5356875 0.33672916666666663 0.544734375 0.4075416666666667 0.5459375 0.42283333333333334 0.53446875 0.42604166666666665 0.4759375 0.37695833333333334 0.47471874999999997 0.37133333333333335 0.463859375 0.3681041666666667 0.45903124999999995 0.26029166666666664 0.4530000000000001 0.25385416666666666 0.45903124999999995 0.25222916666666667 0.480765625 0.21925 0.480765625 0.21683333333333332 0.538703125 0.2956875 0.539296875 0.29891666666666666 0.50128125
0 0.2937916666666667 0.722171875 0.29920833333333335 0.6623281249999999 0.30927083333333333 0.640703125 0.3481666666666667 0.65378125 0.34750000000000003 0.6588125 0.32872916666666663 0.6593125000000001 0.33275 0.722671875 0.4091875 0.7246875 0.41320833333333334 0.715140625 0.42127083333333337 0.713125 0.42127083333333337 0.67540625 0.4125416666666667 0.6703749999999999 0.40985416666666663 0.6638437500000001 0.37766666666666665 0.661328125 0.3984583333333333 0.619578125 0.29714583333333333 0.584875 0.2891666666666667 0.587390625 0.27239583333333334 0.6160625 0.2697083333333333 0.631140625 0.30385416666666665 0.6391875 0.29116666666666663 0.661828125 0.2160625 0.6633281249999999 0.21472916666666667 0.721671875
0 0.41229166666666667 0.934375 0.3743125 0.93453125 0.3627083333333333 0.9188906250000001 0.35112499999999996 0.9110781250000001 0.24916666666666665 0.9023749999999999 0.24337499999999998 0.910203125 0.2375625 0.940625 0.21091666666666667 0.940625 0.21091666666666667 0.99884375 0.26389583333333333 1.0 0.290875 1.0 0.290875 0.96321875 0.3325833333333333 0.9666874999999999 0.32916666666666666 1.0 0.41141666666666665 1.0 0.4125416666666667 0.98059375 0.42064583333333333 0.977125 0.41950000000000004 0.9545312499999999 0.4125416666666667 0.9493124999999999
