0 0.803125 0.72875 0.8058125 0.7697083333333333 0.890578125 0.7702291666666666 0.886296875 0.6178125 0.8478125000000001 0.6209166666666666 0.688015625 0.5442083333333334 0.662359375 0.6281874999999999 0.636296875 0.6261041666666666 0.637859375 0.7691874999999999 0.715625 0.7671250000000001 0.715234375 0.6872916666666666
0 0.53828125 0.7200000000000001 0.526515625 0.7206041666666666 0.525578125 0.8014583333333333 0.593703125 0.8027083333333334 0.591359375 0.7187291666666666 0.587625 0.7106458333333333 0.5904375 0.6851458333333333 0.5997656250000001 0.6838958333333333 0.5992968750000001 0.5943124999999999 0.5490625 0.5891666666666667 0.54640625 0.5914583333333333 0.52578125 0.5924999999999999 0.526515625 0.6671041666666667 0.542375 0.6683333333333333
0 0.48615624999999996 0.5935624999999999 0.4875625 0.6912291666666666 0.45815625000000004 0.6924791666666666 0.45303125 0.7347708333333334 0.486625 0.7322916666666667 0.488953125 0.8380416666666667 0.40170312499999994 0.8386666666666667 0.40217187499999996 0.7832916666666667 0.376515625 0.7783333333333334 0.3881718750000001 0.6240416666666666 0.40123437500000003 0.6209375 0.40078125 0.5929375
0 0.30546875 0.6660416666666666 0.30671875000000004 0.7048333333333333 0.366015625 0.7035416666666666 0.366328125 0.6167083333333333 0.3375 0.618 0.3375 0.6058958333333334 0.25001562499999996 0.5761041666666666 0.243859375 0.6063333333333333 0.213078125 0.6085 0.21178125000000003 0.7026666666666667 0.26784375000000005 0.6987916666666666 0.26815625 0.6516875
0 0.36556250000000007 0.7582291666666666 0.36717187500000004 0.8364166666666667 0.3289375 0.8359791666666666 0.25215624999999997 0.86925 0.23821874999999987 0.8364166666666667 0.211328125 0.8394375000000001 0.21068749999999986 0.7547708333333334 0.2677031249999999 0.7573541666666667 0.26803125000000005 0.7936458333333333 0.31046874999999996 0.7763749999999999 0.31046874999999996 0.7565000000000001
0 0.12718749999999995 0.70875 0.15123437499999995 0.7071249999999999 0.15350000000000003 0.6375624999999999 0.08901562500000004 0.6349791666666665 0.08901562500000004 0.6945833333333333 0.07540624999999998 0.7006458333333333 0.07735937499999998 0.7231041666666668 0.08026562500000001 0.7270000000000001 0.08771874999999998 0.7926458333333334 0.08642187499999991 0.8017291666666666 0.08771874999999998 0.8181458333333332 0.08804687500000004 0.8406041666666667 0.15317187499999996 0.8418958333333334 0.15446875000000002 0.7723541666666667 0.13340625 0.7688958333333333
0 0.02678124999999998 0.32181250000000006 0.015890624999999936 0.2803333333333333 0.021718749999999964 0.25235416666666666 0.02017187499999995 0.21191666666666673 0.05789062499999993 0.21035416666666673 0.05593749999999993 0.27722916666666664 0.09287500000000008 0.29743749999999997 0.08159375000000005 0.33839583333333334 0.10376562499999994 0.34616666666666673 0.07848437500000002 0.4737083333333333 0.05360937499999992 0.4617708333333333 0.054390624999999915 0.4731875 0.060609374999999945 0.4773333333333334 0.062156249999999955 0.5125833333333333 0.024062499999999966 0.5125833333333333 0.022109374999999966 0.46075000000000005 0.032218750000000004 0.45814583333333336 0.031828125000000006 0.45243750000000005 0.008890625000000086 0.44466666666666665 0.03145312499999999 0.3295833333333333
0 0.30457812500000003 0.3380833333333333 0.2999062500000001 0.32564583333333336 0.2971874999999999 0.21004166666666665 0.25364062499999995 0.2058958333333333 0.2544218750000001 0.33445833333333336 0.27074999999999994 0.3355 0.27503124999999995 0.353125 0.262203125 0.3624583333333334 0.2936875 0.45679166666666665 0.316625 0.4479791666666666 0.316625 0.4785833333333334 0.35512499999999997 0.4754583333333333 0.35512499999999997 0.4277708333333333 0.3710625 0.46768750000000003 0.396328125 0.45629166666666665 0.3834999999999999 0.409625 0.446875 0.3748958333333333 0.41771874999999986 0.2831458333333334 0.406828125 0.2867708333333333 0.400609375 0.2572083333333333 0.40515625 0.21541666666666662 0.36765625 0.2125 0.368734375 0.26810416666666664 0.3811718749999999 0.30025
0 0.11859374999999997 0.21124999999999997 0.11970312500000002 0.3186458333333333 0.12748437500000004 0.31916666666666665 0.13214062500000007 0.34612499999999996 0.11853125000000002 0.3481875 0.11853125000000002 0.45497916666666666 0.21340625000000008 0.44981250000000006 0.21262499999999998 0.36789583333333326 0.21884375 0.3611666666666667 0.21184374999999997 0.32539583333333333 0.20679687500000005 0.32279166666666664 0.20251562500000003 0.296875 0.21145312500000008 0.296875 0.21107812500000006 0.21289583333333334
0 0.8387343749999999 0.8477083333333333 0.8383749999999999 0.8052916666666667 0.788828125 0.8057708333333333 0.7758125 0.7956458333333333 0.7474999999999999 0.8491666666666667 0.74071875 0.8419375 0.7414531249999999 0.8067291666666667 0.68321875 0.8067291666666667 0.683578125 0.890625 0.74071875 0.8916041666666668 0.740359375 0.84675 0.7512187499999999 0.8559166666666668 0.8264374999999999 0.924875 0.85609375 0.8650833333333333
