0 0.646829268292683 0.7862330623306233 0.6317886178861787 0.7914634146341464 0.633089430894309 0.9004878048780487 0.7122560975609755 0.9057181571815718 0.7129065040650406 0.8455555555555555 0.71880081300813 0.8324661246612466 0.7044105691056911 0.7565582655826558 0.7155284552845528 0.758319783197832 0.7155284552845528 0.6414363143631436 0.6350609756097559 0.637940379403794 0.633089430894309 0.7382384823848239 0.6402845528455284 0.7417344173441734
0 0.0 0.8496476964769647 0.0 0.9011111111111111 0.0 0.9037127371273713 0.0 0.8950135501355013 0.0 0.8932520325203253 0.0 0.8706233062330623 0.0 0.783360433604336 0.0 0.783360433604336 0.0 0.7449593495934959 0.0 0.7401084010840109 0.0 0.6263143631436314 0.0 0.6245799457994582 0.0 0.6455284552845529 0.0 0.6542547425474255 0.0 0.6882655826558266 0.0 0.6934959349593496 0.0 0.8444173441734417
0 0.2811178861788618 0.8560162601626017 0.28308943089430894 0.8891598915989161 0.2771951219512195 0.8952574525745258 0.20654471544715447 0.8952574525745258 0.20654471544715447 0.7844715447154472 0.284390243902439 0.7810027100271003 0.2817682926829268 0.7469647696476964 0.20654471544715447 0.7452303523035231 0.20522357723577236 0.6309485094850948 0.2896341463414634 0.632710027100271 0.2896341463414634 0.6859078590785909 0.3347764227642277 0.6806775067750678 0.34065040650406503 0.69289972899729 0.3596341463414634 0.813279132791328 0.3530894308943089 0.8385636856368563 0.297479674796748 0.842059620596206 0.29028455284552845 0.8385636856368563
0 0.520569105691057 0.8368292682926831 0.5212195121951219 0.8970189701897019 0.44010162601626013 0.9004878048780487 0.4427235772357723 0.7871002710027101 0.48654471544715444 0.7879674796747967 0.4819715447154471 0.7460975609756098 0.44010162601626013 0.7434959349593496 0.4420528455284553 0.6344444444444445 0.5244918699186991 0.6335772357723578 0.521869918699187 0.6702168021680218 0.5375813008130081 0.6737127371273713 0.5441260162601625 0.6867750677506775 0.5513211382113821 0.8045528455284553 0.5460772357723578 0.828970189701897
0 0.8698170731707316 0.7950406504065041 0.8248373983739837 0.7944173441734417 0.8252845528455286 0.9095121951219513 0.9011178861788618 0.908319783197832 0.9002032520325203 0.8513550135501354 0.9410975609756097 0.8265311653116532 0.9410975609756097 0.8162330623306233 0.907479674796748 0.6884281842818427 0.9020731707317073 0.6775067750677507 0.9025203252032521 0.6460162601626016 0.8229674796747967 0.640569105691057 0.8238821138211383 0.7477777777777778 0.859329268292683 0.7502168021680217
0 0.9947357723577234 0.39387533875338754 1.0 0.39387533875338754 1.0 0.34501355013550133 1.0 0.3362872628726287 1.0 0.30577235772357725 1.0 0.19325203252032525 1.0 0.18539295392953925 1.0 0.1775338753387534 1.0 0.13655826558265582 0.9960569105691055 0.13915989159891598 0.9934349593495935 0.16794037940379403 0.9738008130081302 0.18102981029810294 0.9698780487804877 0.20021680216802168 0.9796951219512195 0.3223306233062331 0.985589430894309 0.34590785907859073 0.9941056910569106 0.3598915989159892
0 0.6616260162601626 0.28688346883468846 0.6349390243902439 0.284769647696477 0.6341463414634146 0.3946883468834688 0.7126626016260162 0.39783197831978323 0.711869918699187 0.30048780487804877 0.7055894308943089 0.30048780487804877 0.7369918699186992 0.2596476964769648 0.739349593495935 0.241869918699187 0.7307113821138211 0.2261788617886179 0.7142276422764228 0.21151761517615178 0.7157926829268294 0.13929539295392956 0.6467073170731709 0.13615176151761516 0.6255081300813008 0.158130081300813 0.6215853658536585 0.18639566395663962 0.6089430894308944 0.21897018970189705
0 0.494410569105691 0.2816531165311653 0.45357723577235776 0.27745257452574523 0.44180894308943086 0.28897018970189703 0.44024390243902445 0.3810840108401084 0.4551626016260163 0.4009756097560976 0.53130081300813 0.4051490514905149 0.5328861788617887 0.34130081300813003 0.5470121951219512 0.3339837398373984 0.5532926829268293 0.3297831978319783 0.5611382113821137 0.1895392953929539 0.5532926829268293 0.18116531165311653 0.525020325203252 0.17905149051490518 0.525020325203252 0.13615176151761516 0.4496544715447155 0.1330081300813008 0.44888211382113824 0.2355826558265583 0.49833333333333335 0.2397831978319783
0 0.2109959349593496 0.23311653116531167 0.2888414634146342 0.24016260162601627 0.31697154471544714 0.2532520325203252 0.29995934959349596 0.3038482384823849 0.2934146341463415 0.3029810298102981 0.2927642276422764 0.27856368563685635 0.21034552845528456 0.2837940379403794 0.20772357723577234 0.38322493224932247 0.22014227642276424 0.38845528455284556 0.2227642276422764 0.39894308943089435 0.27182926829268295 0.39894308943089435 0.2783739837398374 0.38758807588075883 0.286869918699187 0.3840921409214092 0.29014227642276424 0.3422222222222222 0.34445121951219515 0.3692682926829268 0.38959349593495934 0.23747967479674795 0.3863211382113821 0.22710027100271005 0.3490243902439024 0.20528455284552846 0.32941056910569105 0.20178861788617888 0.3189430894308943 0.2462059620596206 0.2894918699186992 0.22970189701897017 0.28754065040650406 0.13200542005420052 0.2116463414634146 0.1302710027100271
0 0.0 0.38726287262872633 0.0 0.3378590785907859 0.0 0.32276422764227647 0.0 0.30769647696476965 0.0 0.17506775067750677 0.0 0.16753387533875336 0.0 0.15997289972899728 0.0 0.12531165311653114 0.0 0.12531165311653114 0.0 0.19422764227642278 0.0 0.22932249322493226 0.0 0.22932249322493226 0.0 0.28357723577235766 0.0 0.2791327913279133 0.0 0.38612466124661243 0.0 0.38758807588075883 0.0 0.398130081300813 0.0 0.396639566395664 0.0 0.38758807588075883
