0 0.21185937499999996 0.21172916666666666 0.11767187499999991 0.21231250000000004 0.11767187499999991 0.24587499999999995 0.11334374999999994 0.256875 0.130265625 0.34308333333333335 0.11724999999999994 0.34483333333333327 0.11854687500000001 0.4547708333333334 0.21403125000000003 0.4530416666666666 0.211421875 0.37260416666666674 0.21967187499999996 0.36391666666666667 0.20490624999999998 0.297375 0.21185937499999996 0.29447916666666674
0 0.840171875 0.8056458333333333 0.8376718750000001 0.8489791666666666 0.855796875 0.8648125 0.831421875 0.9222916666666666 0.797671875 0.893125 0.769546875 0.8972916666666666 0.767671875 0.8706458333333332 0.739546875 0.8523125 0.741421875 0.8881458333333333 0.6833125 0.890625 0.6814375 0.8064791666666667 0.742046875 0.8039791666666666 0.742046875 0.8439791666666667 0.7514218749999999 0.8498125 0.7751718750000001 0.7973125 0.7914218749999999 0.8039791666666666
0 0.8009375000000001 0.72875 0.803515625 0.7673333333333333 0.886328125 0.76975 0.8856093749999999 0.6197708333333334 0.8501562500000001 0.6241041666666667 0.68959375 0.5455208333333333 0.66390625 0.6260416666666667 0.63534375 0.6279791666666666 0.636421875 0.7687708333333333 0.715265625 0.766375 0.714171875 0.6853541666666667
0 0.59271875 0.7226250000000001 0.5935937499999999 0.8001666666666666 0.52503125 0.7995833333333333 0.52371875 0.7197291666666668 0.53978125 0.7174166666666667 0.54325 0.6688124999999999 0.525890625 0.6676666666666667 0.52503125 0.5924375000000001 0.54715625 0.5930208333333333 0.5996718750000001 0.5970625 0.587078125 0.7226250000000001
0 0.458453125 0.6917291666666666 0.48846875 0.6917291666666666 0.48810937499999996 0.5885208333333334 0.399859375 0.5899791666666666 0.401671875 0.613125 0.3897343749999999 0.6275833333333334 0.375625 0.7770625 0.40093750000000006 0.782375 0.399859375 0.8320416666666667 0.491 0.8344583333333334 0.48810937499999996 0.7341458333333333 0.45375 0.7341458333333333
0 0.30860937499999996 0.7745625 0.3100625 0.7567291666666667 0.3664843749999999 0.7567291666666667 0.36720312499999996 0.8411041666666667 0.326328125 0.8382083333333334 0.25075000000000003 0.8686041666666667 0.23953124999999992 0.8362916666666667 0.20915625000000002 0.8377291666666667 0.2098750000000001 0.75575 0.268109375 0.75625 0.26954687499999996 0.7895208333333333
0 0.365390625 0.6168750000000001 0.365390625 0.7017500000000001 0.30896875 0.7022291666666667 0.30860937499999996 0.6641458333333332 0.2688281249999999 0.6516041666666667 0.26918749999999997 0.7041666666666667 0.21060937499999993 0.7041666666666667 0.20807812500000003 0.6130208333333333 0.24279687499999997 0.6125416666666667 0.25110937499999997 0.576375 0.33754687499999997 0.6057916666666666 0.33790624999999996 0.6183333333333334
0 0.128125 0.7095833333333333 0.15198437499999998 0.7095625000000001 0.15378124999999992 0.6386666666666667 0.08868749999999999 0.6367499999999999 0.08940625000000005 0.6951041666666666 0.07531250000000007 0.7018541666666667 0.08904687500000001 0.81275 0.08832812499999995 0.8383125 0.15378124999999992 0.8402499999999999 0.15270312500000002 0.7693541666666667 0.13171874999999994 0.7669374999999999
0 0.055625000000000036 0.46604166666666663 0.05845312499999995 0.47854166666666664 0.06062499999999993 0.5118125 0.02120312500000008 0.5084375 0.02192187499999996 0.46841666666666676 0.02915624999999995 0.4539375 0.008546875000000042 0.44429166666666664 0.02734375 0.3343541666666667 0.017578125 0.3328958333333334 0.020109375000000006 0.21283333333333337 0.05845312499999995 0.21187499999999998 0.05628124999999997 0.2716666666666666 0.09425000000000008 0.3025208333333333 0.08412500000000005 0.3377291666666667 0.10474999999999994 0.3492916666666667 0.07834374999999998 0.4698541666666667
0 0.25375 0.215625 0.25640625000000006 0.33645833333333336 0.27282812500000003 0.3382291666666667 0.27717187499999996 0.35675 0.26762499999999995 0.3671666666666667 0.29106249999999995 0.4522291666666666 0.31753125000000004 0.444125 0.31753125000000004 0.4765208333333332 0.353546875 0.47420833333333334 0.353546875 0.4285 0.369171875 0.4643749999999999 0.3913124999999999 0.4539583333333333 0.381765625 0.4122916666666666 0.4459999999999999 0.3781458333333333 0.419515625 0.28962499999999997 0.40737500000000004 0.29308333333333336 0.403890625 0.2716875 0.404765625 0.2109166666666667 0.36484375 0.21035416666666673 0.3678749999999999 0.3063958333333333 0.303640625 0.33995833333333336 0.29887499999999995 0.32839583333333333 0.295390625 0.2143958333333334
