0 0.8748170731707317 0.8763414634146341 0.9973373983739838 0.8755826558265581 0.9973373983739838 0.8319241192411925 1.0 0.8176151761517615 0.9809552845528454 0.7054742547425474 0.9978861788617885 0.7031978319783199 0.99619918699187 0.5601897018970189 0.871991869918699 0.562439024390244 0.8753861788617886 0.6670731707317071 0.8646544715447156 0.6783739837398374 0.8838617886178863 0.7649322493224932 0.8748170731707317 0.7686991869918699
0 0.05750000000000001 0.10376693766937671 0.06075203252032517 0.047398373983739826 0.03717479674796749 0.026802168021680218 0.06888211382113821 0.0 0.11278455284552849 0.0 0.149369918699187 0.0 0.15180894308943088 0.019214092140921436 0.18839430894308942 0.043062330623306236 0.18595528455284555 0.0 0.26154471544715446 0.0 0.26398373983739837 0.1026829268292683 0.18514227642276423 0.1059349593495935 0.18514227642276423 0.05390243902439024 0.1729471544715447 0.046314363143631444 0.14205284552845526 0.11460704607046072 0.12091463414634149 0.1059349593495935
0 0.10853658536585367 0.20379403794037937 0.10518292682926829 0.15360433604336046 0.0 0.15046070460704605 0.0 0.3455555555555555 0.04451219512195123 0.3399186991869919 0.2533739837398374 0.4421409214092141 0.28678861788617876 0.3373983739837398 0.3239430894308943 0.33487804878048777 0.32254065040650404 0.15173441734417342 0.21997967479674796 0.15485094850948514 0.22140243902439022 0.2602439024390244
0 0.3793902439024391 0.21176151761517611 0.37825203252032524 0.11089430894308944 0.46743902439024393 0.11165311653116532 0.4691463414634146 0.21552845528455286 0.4482520325203253 0.2185365853658536 0.44373983739837397 0.28176151761517615 0.4663211382113821 0.2832520325203252 0.46743902439024393 0.3811111111111111 0.43865853658536585 0.38035230352303523 0.3703455284552845 0.3750948509485095 0.3867276422764227 0.21176151761517611
0 0.5540447154471544 0.2519512195121951 0.515 0.2519512195121951 0.5154674796747968 0.38620596205962054 0.6302642276422764 0.3843089430894309 0.6279065040650407 0.35420054200542 0.6434349593495936 0.3353929539295393 0.6617886178861789 0.14094850948509485 0.6288617886178861 0.13403794037940378 0.6302642276422764 0.0694308943089431 0.5117073170731707 0.0662872628726287 0.5154674796747968 0.19677506775067752 0.5601626016260163 0.19677506775067752
0 0.7489634146341464 0.14420054200542004 0.7470731707317073 0.16739837398373983 0.673678861788618 0.16739837398373983 0.6727439024390244 0.05764227642276422 0.7259146341463414 0.06140921409214091 0.8242276422764228 0.021869918699186974 0.8388211382113822 0.06390243902439025 0.8783333333333333 0.062032520325203254 0.8773983739837398 0.1686720867208672 0.8016463414634147 0.16802168021680217 0.7997764227642277 0.12474254742547426
0 0.6751016260162601 0.34932249322493225 0.6751016260162601 0.2389159891598916 0.7484959349593496 0.23829268292682929 0.7489634146341464 0.28783197831978324 0.8007113821138212 0.3041463414634146 0.8002439024390245 0.23577235772357724 0.8764430894308944 0.23577235772357724 0.8797357723577235 0.3543360433604336 0.8345731707317073 0.3549593495934959 0.8237601626016261 0.40200542005420054 0.7113211382113822 0.36373983739837396 0.7108536585365853 0.3474254742547425
0 0.983739837398374 0.22872628726287264 0.9527032520325204 0.22875338753387534 0.9503658536585367 0.32097560975609757 1.0 0.3234688346883469 1.0 0.2475609756097561 1.0 0.2387804878048781 1.0 0.09452574525745257 1.0 0.06127371273712737 0.9503658536585367 0.05875338753387536 0.9517682926829268 0.15097560975609756 0.9790650406504066 0.15411924119241194
0 1.0 0.5455284552845528 1.0 0.5292682926829269 1.0 0.48598915989159897 1.0 0.4903794037940379 1.0 0.5424390243902438 1.0 0.5612737127371275 1.0 0.5738211382113821 1.0 0.7168292682926829 1.0 0.7187262872628726 1.0 0.8749051490514904 1.0 0.8761517615176152 1.0 0.7983739837398375 1.0 0.7582384823848239 1.0 0.7124390243902439 1.0 0.6973983739837397 1.0 0.5405691056910569
0 0.8203252032520327 0.8712737127371274 0.8168699186991869 0.7140921409214093 0.7955081300813008 0.7117886178861788 0.7898577235772358 0.6876964769647697 0.8022764227642277 0.6741463414634146 0.7717886178861789 0.5634959349593497 0.7373577235772357 0.5740379403794038 0.7373577235772357 0.5318970189701898 0.6905081300813009 0.5349051490514906 0.6905081300813009 0.5943631436314363 0.6701829268292683 0.5476964769647698 0.6413821138211383 0.5612466124661247 0.6538008130081301 0.6154471544715447 0.5702439024390246 0.6598644986449865 0.6046951219512194 0.7750135501355014 0.6204878048780488 0.7705149051490515 0.625020325203252 0.7983468834688346 0.6238821138211382 0.8773983739837398 0.6758130081300813 0.8781300813008129 0.6718699186991871 0.7531978319783198 0.7554268292682927 0.7095392953929539 0.7616260162601627 0.7245799457994581 0.7661585365853658 0.8728726287262872
