0 0.1056910569105691 0.20379403794037937 0.10219512195121952 0.1505149051490515 0.0 0.14983739837398374 0.0 0.34810298102981024 0.04756097560975611 0.34406504065040655 0.25542682926829263 0.4438482384823848 0.28880081300813015 0.3346070460704607 0.32270325203252037 0.33731707317073173 0.320670731707317 0.15119241192411925 0.21951219512195125 0.15387533875338757 0.22002032520325204 0.2577235772357723
0 0.4502032520325203 0.21517615176151764 0.46550813008130076 0.21439024390243905 0.4667276422764227 0.1092140921409214 0.3781097560975609 0.10758807588075882 0.3811585365853658 0.2168292682926829 0.38601626016260165 0.22734417344173438 0.3823577235772358 0.26051490514905146 0.3702235772357723 0.2621409214092141 0.3708333333333333 0.37867208672086716 0.4361788617886179 0.38536585365853654 0.4396341463414634 0.38238482384823846 0.46646341463414637 0.38102981029810296 0.46550813008130076 0.28398373983739833 0.44487804878048787 0.28238482384823843
0 0.5180081300813009 0.3796476964769648 0.5161788617886178 0.2526016260162602 0.554430894308943 0.2509756097560976 0.5610975609756098 0.1959620596205962 0.5173983739837399 0.1991869918699187 0.514369918699187 0.061626016260162585 0.6278658536585366 0.060813008130081295 0.6272560975609757 0.13284552845528455 0.6606300813008129 0.13929539295392956 0.6454674796747967 0.34 0.6284756097560975 0.3440379403794038 0.6290650406504065 0.380460704607046
0 0.7530487804878049 0.2853658536585366 0.7514227642276422 0.23490514905149054 0.6742886178861789 0.23658536585365858 0.6738821138211383 0.3495392953929539 0.7113821138211383 0.34785907859078596 0.7113821138211383 0.3636043360433604 0.8251829268292683 0.40235772357723576 0.8331910569105692 0.36303523035230356 0.8732317073170732 0.3602168021680216 0.8749186991869917 0.23772357723577237 0.8019918699186992 0.24276422764227645 0.8015853658536585 0.3040379403794038
0 0.6748780487804877 0.1654471544715447 0.6727845528455284 0.06373983739837397 0.722520325203252 0.0643089430894309 0.8223983739837399 0.021029810298102993 0.8405284552845529 0.06373983739837397 0.8755081300813007 0.05981029810298101 0.8763414634146344 0.16994579945799457 0.8021747967479677 0.16658536585365855 0.8017479674796748 0.11937669376693766 0.7465447154471545 0.1418428184281843 0.7465447154471545 0.16769647696476964
0 0.984959349593496 0.22981029810298106 0.9536788617886179 0.23192411924119244 0.9507317073170732 0.3224119241192412 1.0 0.32577235772357727 1.0 0.24823848238482382 1.0 0.24035230352303522 1.0 0.2111382113821138 1.0 0.20607046070460702 1.0 0.12067750677506775 1.0 0.10886178861788619 1.0 0.08750677506775069 1.0 0.058292682926829285 0.9511585365853659 0.05661246612466125 0.9494715447154471 0.1470731707317073 0.976869918699187 0.1515718157181572
0 1.0 0.7331436314363143 1.0 0.7871002710027101 1.0 0.8234959349593496 1.0 0.8760975609756098 1.0 0.8781300813008129 1.0 0.7911382113821138 1.0 0.7648509485094851 1.0 0.7115718157181572 1.0 0.7014634146341463 1.0 0.5355555555555557 1.0 0.5510840108401085 1.0 0.5362330623306233 1.0 0.530840108401084 1.0 0.4849864498644987 1.0 0.4849864498644987 1.0 0.5524119241192411 1.0 0.5557994579945799 1.0 0.5632249322493225 1.0 0.5733333333333334 1.0 0.7230352303523035
0 0.7542073170731707 0.7119783197831979 0.7602845528455283 0.7281571815718156 0.7638211382113822 0.8785365853658537 0.8204674796747968 0.883929539295393 0.819451219512195 0.7166937669376693 0.7982113821138211 0.7153387533875338 0.7926422764227643 0.6924119241192412 0.8093292682926829 0.680271002710027 0.7683739837398375 0.557560975609756 0.7385365853658536 0.5690243902439025 0.7385365853658536 0.5292140921409213 0.6884552845528455 0.5332791327913279 0.6884552845528455 0.5953116531165311 0.6677235772357724 0.5433875338753388 0.6348577235772358 0.5582113821138212 0.6515447154471546 0.6189159891598915 0.5691056910569106 0.6640921409214092 0.6070325203252034 0.7834417344173441 0.6211991869918699 0.7787262872628727 0.6292886178861788 0.8171815718157183 0.6233739837398373 0.8715447154471545 0.6721544715447154 0.8753387533875338 0.6707520325203252 0.8030081300813008 0.6545731707317075 0.7611924119241192
0 0.996138211382114 0.8769647696476965 0.9946951219512193 0.7372628726287264 0.9845731707317074 0.7365853658536585 0.9785162601626014 0.7015176151761519 0.9962195121951221 0.6988346883468834 0.9962195121951221 0.5599186991869919 0.8728048780487804 0.5666395663956639 0.8738211382113821 0.6731978319783198 0.865731707317073 0.6819512195121951 0.8748373983739837 0.7284823848238482 0.8814024390243901 0.731869918699187 0.8869715447154471 0.7655826558265583 0.8753455284552845 0.7655826558265583 0.8758333333333332 0.8748238482384824
0 0.05936991869918697 0.049051490514905136 0.05983739837398373 0.10422764227642274 0.12428861788617887 0.10360433604336045 0.14121951219512194 0.11677506775067752 0.17804878048780487 0.047154471544715464 0.18686991869918698 0.05655826558265584 0.18591463414634146 0.10235772357723576 0.26166666666666666 0.10235772357723576 0.2611991869918699 0.0 0.18686991869918698 0.0 0.18733739837398367 0.05029810298102982 0.17321138211382114 0.038373983739837386 0.07536585365853661 0.0 0.03678861788617885 0.026449864498645
