0 0.72875 0.196875 0.7697083333333333 0.1941875 0.7702291666666666 0.109421875 0.6178125 0.11370312499999999 0.6209166666666666 0.1521875 0.5442083333333334 0.311984375 0.6281874999999999 0.337640625 0.6261041666666666 0.363703125 0.7691874999999999 0.362140625 0.7671250000000001 0.284375 0.6872916666666666 0.284765625
0 0.7200000000000001 0.46171875 0.7206041666666666 0.47348437499999996 0.8014583333333333 0.474421875 0.8027083333333334 0.40629687499999995 0.7187291666666666 0.408640625 0.7106458333333333 0.41237500000000005 0.6851458333333333 0.4095625 0.6838958333333333 0.400234375 0.5943124999999999 0.400703125 0.5891666666666667 0.45093750000000005 0.5914583333333333 0.45359375 0.5924999999999999 0.47421875 0.6671041666666667 0.47348437499999996 0.6683333333333333 0.457625
0 0.5935624999999999 0.51384375 0.6912291666666666 0.5124375 0.6924791666666666 0.54184375 0.7347708333333334 0.54696875 0.7322916666666667 0.513375 0.8380416666666667 0.511046875 0.8386666666666667 0.5982968750000001 0.7832916666666667 0.597828125 0.7783333333333334 0.623484375 0.6240416666666666 0.611828125 0.6209375 0.598765625 0.5929375 0.59921875
0 0.6660416666666666 0.69453125 0.7048333333333333 0.69328125 0.7035416666666666 0.633984375 0.6167083333333333 0.633671875 0.618 0.6625 0.6058958333333334 0.6625 0.5761041666666666 0.749984375 0.6063333333333333 0.756140625 0.6085 0.786921875 0.7026666666666667 0.78821875 0.6987916666666666 0.73215625 0.6516875 0.73184375
0 0.7582291666666666 0.6344375 0.8364166666666667 0.632828125 0.8359791666666666 0.6710625 0.86925 0.74784375 0.8364166666666667 0.7617812500000001 0.8394375000000001 0.788671875 0.7547708333333334 0.7893125000000001 0.7573541666666667 0.7322968750000001 0.7936458333333333 0.73196875 0.7763749999999999 0.68953125 0.7565000000000001 0.68953125
0 0.70875 0.8728125 0.7071249999999999 0.8487656250000001 0.6375624999999999 0.8465 0.6349791666666665 0.910984375 0.6945833333333333 0.910984375 0.7006458333333333 0.92459375 0.7231041666666668 0.922640625 0.7270000000000001 0.919734375 0.7926458333333334 0.91228125 0.8017291666666666 0.9135781250000001 0.8181458333333332 0.91228125 0.8406041666666667 0.9119531249999999 0.8418958333333334 0.846828125 0.7723541666666667 0.84553125 0.7688958333333333 0.86659375
0 0.32181250000000006 0.97321875 0.2803333333333333 0.9841093750000001 0.25235416666666666 0.97828125 0.21191666666666673 0.979828125 0.21035416666666673 0.942109375 0.27722916666666664 0.9440625 0.29743749999999997 0.907125 0.33839583333333334 0.91840625 0.34616666666666673 0.896234375 0.4737083333333333 0.921515625 0.4617708333333333 0.946390625 0.4731875 0.9456093750000001 0.4773333333333334 0.939390625 0.5125833333333333 0.9378437500000001 0.5125833333333333 0.9759375 0.46075000000000005 0.977890625 0.45814583333333336 0.96778125 0.45243750000000005 0.968171875 0.44466666666666665 0.991109375 0.3295833333333333 0.968546875
0 0.3380833333333333 0.695421875 0.32564583333333336 0.70009375 0.21004166666666665 0.7028125000000001 0.2058958333333333 0.746359375 0.33445833333333336 0.745578125 0.3355 0.7292500000000001 0.353125 0.72496875 0.3624583333333334 0.737796875 0.45679166666666665 0.7063125 0.4479791666666666 0.6833750000000001 0.4785833333333334 0.6833750000000001 0.4754583333333333 0.6448750000000001 0.4277708333333333 0.6448750000000001 0.46768750000000003 0.6289374999999999 0.45629166666666665 0.6036718750000001 0.409625 0.6165 0.3748958333333333 0.553125 0.2831458333333334 0.5822812500000001 0.2867708333333333 0.593171875 0.2572083333333333 0.5993906250000001 0.21541666666666662 0.59484375 0.2125 0.63234375 0.26810416666666664 0.6312656249999999 0.30025 0.6188281250000001
0 0.21124999999999997 0.8814062500000001 0.3186458333333333 0.880296875 0.31916666666666665 0.8725156249999999 0.34612499999999996 0.8678593749999999 0.3481875 0.88146875 0.45497916666666666 0.88146875 0.44981250000000006 0.78659375 0.36789583333333326 0.787375 0.3611666666666667 0.78115625 0.32539583333333333 0.78815625 0.32279166666666664 0.793203125 0.296875 0.797484375 0.296875 0.788546875 0.21289583333333334 0.788921875
0 0.8477083333333333 0.161265625 0.8052916666666667 0.161625 0.8057708333333333 0.211171875 0.7956458333333333 0.22418749999999998 0.8491666666666667 0.2525 0.8419375 0.25928125 0.8067291666666667 0.258546875 0.8067291666666667 0.31678125 0.890625 0.31642187499999996 0.8916041666666668 0.25928125 0.84675 0.25964062499999996 0.8559166666666668 0.24878125 0.924875 0.1735625 0.8650833333333333 0.14390624999999999
