0 0.28099999999999997 0.6128750000000001 0.27697916666666667 0.6013124999999999 0.19316666666666674 0.6023125 0.18914583333333337 0.663171875 0.23539583333333336 0.663671875 0.2454583333333333 0.668203125 0.3038125 0.657140625 0.30245833333333333 0.6656875 0.3923125 0.6656875 0.3950000000000001 0.6038281249999999 0.31789583333333327 0.6023125 0.31520833333333337 0.60784375
0 0.23225000000000004 0.05553125 0.1926875 0.052515624999999996 0.19068749999999995 0.025359375 0.19737500000000002 0.017812500000000002 0.19872916666666665 0.00020312500000000002 0.216125 0.0 0.28320833333333334 0.0 0.28320833333333334 0.0188125 0.31272916666666667 0.016296875 0.3164583333333333 0.0 0.40393749999999995 0.0 0.4052708333333333 0.064578125 0.3891666666666667 0.064078125 0.3824583333333333 0.06759375 0.3563124999999999 0.065078125 0.3522916666666667 0.06759375 0.23627083333333337 0.06759375
0 0.22735416666666666 0.331734375 0.20187499999999994 0.33325 0.19718749999999996 0.32871875 0.19718749999999996 0.27440625 0.28235416666666663 0.27440625 0.28502083333333333 0.33425 0.3111875 0.33223437499999997 0.3125208333333333 0.27440625 0.40037500000000004 0.273390625 0.39902083333333327 0.33828125 0.35812499999999997 0.33828125 0.3621458333333333 0.37298437500000003 0.35275 0.3775 0.26020833333333326 0.39209375 0.24077083333333332 0.3870625 0.23808333333333329 0.3443125 0.24077083333333332 0.33878125
0 0.24210416666666662 0.5158125 0.19583333333333333 0.5163125 0.19316666666666674 0.45395312499999996 0.2803333333333333 0.45596875 0.2796666666666667 0.48965625 0.31185416666666665 0.486140625 0.3138541666666666 0.45395312499999996 0.39768749999999997 0.455453125 0.3983541666666666 0.518828125 0.3701875 0.5168125 0.36749999999999994 0.5288906250000001 0.3574583333333333 0.533921875 0.2669166666666667 0.539453125 0.24814583333333337 0.535421875
0 0.27422916666666663 0.784296875 0.2747083333333334 0.74971875 0.18622916666666664 0.7500625000000001 0.1871458333333333 0.808359375 0.23093750000000005 0.80765625 0.2500208333333333 0.83909375 0.2579375 0.83909375 0.35618750000000005 0.81325 0.3645833333333333 0.8090937500000001 0.3887916666666667 0.8094374999999999 0.39297916666666666 0.74828125 0.31056249999999996 0.748984375 0.30868750000000006 0.776234375
0 0.582625 0.8803281249999999 0.582625 0.9401875000000001 0.6201875 0.9401875000000001 0.6268958333333333 0.965828125 0.6503541666666666 0.96684375 0.7368541666666667 0.964328125 0.7428958333333334 0.95325 0.7489375 0.9396718749999999 0.7804375 0.9411875000000001 0.7784375 0.8813437499999999 0.7563124999999999 0.879328125 0.7462500000000001 0.864234375 0.7315 0.8612187499999999 0.637625 0.868765625 0.6195 0.873296875 0.60875 0.87984375
0 0.664875 0.62425 0.6664999999999999 0.6037343749999999 0.5820000000000001 0.603125 0.5795833333333333 0.663484375 0.6544166666666666 0.662875 0.6544166666666666 0.6580468749999999 0.6858125 0.6821875000000001 0.6994791666666667 0.6839999999999999 0.7115416666666666 0.677359375 0.7228125 0.6646875 0.7783333333333334 0.6658906250000001 0.7807499999999999 0.61278125 0.7638541666666666 0.596484375 0.7421249999999999 0.59346875 0.7170833333333333 0.58375
0 0.6688958333333334 0.495703125 0.672125 0.4643125 0.6632708333333334 0.455265625 0.5924583333333333 0.45406250000000004 0.5771666666666666 0.46553125 0.5739583333333333 0.5240625 0.6230416666666667 0.52528125 0.6286666666666666 0.536140625 0.6318958333333333 0.54096875 0.7397083333333333 0.5469999999999999 0.7461458333333333 0.54096875 0.7477708333333334 0.519234375 0.7807499999999999 0.519234375 0.7831666666666667 0.46129687500000005 0.7043125 0.46070312500000005 0.7010833333333333 0.49871875
0 0.7062083333333333 0.277828125 0.7007916666666667 0.337671875 0.6907291666666667 0.35929687499999996 0.6518333333333334 0.34621875 0.6525 0.34118750000000003 0.6712708333333334 0.3406875 0.6672499999999999 0.27732812500000004 0.5908125000000001 0.27531249999999996 0.5867916666666666 0.284859375 0.5787291666666666 0.286875 0.5787291666666666 0.32459375 0.5874583333333334 0.329625 0.5901458333333333 0.33615625 0.6223333333333334 0.338671875 0.6015416666666666 0.380421875 0.7028541666666667 0.415125 0.7108333333333333 0.412609375 0.7276041666666667 0.3839375 0.7302916666666666 0.368859375 0.6961458333333332 0.3608125 0.7088333333333333 0.338171875 0.7839375000000001 0.336671875 0.7852708333333334 0.278328125
0 0.5877083333333334 0.065625 0.6256875000000001 0.06546874999999999 0.6372916666666666 0.081109375 0.6488750000000001 0.088921875 0.7508333333333332 0.09762499999999999 0.756625 0.089796875 0.7624375000000001 0.059375 0.7890833333333334 0.059375 0.7890833333333334 0.00115625 0.7361041666666667 0.0 0.709125 0.0 0.709125 0.03678125 0.6674166666666667 0.0333125 0.6708333333333333 0.0 0.5885833333333333 0.0 0.5874583333333334 0.01940625 0.5793541666666667 0.022875 0.5805 0.04546875 0.5874583333333334 0.050687499999999996
