0 0.788140625 0.7882708333333334 0.8823281250000001 0.7876875 0.8823281250000001 0.754125 0.88665625 0.7431249999999999 0.869734375 0.6569166666666667 0.88275 0.6551666666666667 0.881453125 0.5452291666666667 0.78596875 0.5469583333333333 0.788578125 0.6273958333333333 0.780328125 0.6360833333333333 0.79509375 0.7026249999999999 0.788140625 0.7055208333333333
0 0.15982812500000002 0.1943541666666667 0.162328125 0.15102083333333333 0.14420312500000002 0.1351875 0.168578125 0.07770833333333332 0.20232812500000003 0.106875 0.230453125 0.10270833333333333 0.232328125 0.1293541666666667 0.260453125 0.1476875 0.258578125 0.11185416666666666 0.3166875 0.109375 0.31856249999999997 0.19352083333333334 0.257953125 0.19602083333333334 0.257953125 0.15602083333333333 0.248578125 0.1501875 0.224828125 0.20268750000000002 0.208578125 0.19602083333333334
0 0.1990625 0.27125 0.196484375 0.2326666666666667 0.113671875 0.23024999999999998 0.114390625 0.3802291666666667 0.14984375 0.3758958333333334 0.31040625 0.45447916666666666 0.33609374999999997 0.37395833333333334 0.36465625 0.3720208333333333 0.363578125 0.23122916666666665 0.284734375 0.233625 0.285828125 0.31464583333333335
0 0.40728125000000004 0.277375 0.40640625 0.19983333333333334 0.47496875000000005 0.20041666666666666 0.47628125 0.28027083333333336 0.46021875 0.2825833333333333 0.45675 0.3311875 0.474109375 0.33233333333333337 0.47496875000000005 0.4075625 0.45284375 0.40697916666666667 0.400328125 0.4029375 0.412921875 0.277375
0 0.541546875 0.3082708333333333 0.51153125 0.3082708333333333 0.511890625 0.4114791666666667 0.600140625 0.41002083333333333 0.598328125 0.38687499999999997 0.610265625 0.3724166666666667 0.624375 0.2229375 0.5990624999999999 0.21762499999999999 0.600140625 0.16795833333333335 0.509 0.16554166666666664 0.511890625 0.26585416666666667 0.54625 0.26585416666666667
0 0.691390625 0.22543749999999999 0.6899375 0.24327083333333333 0.633515625 0.24327083333333333 0.632796875 0.15889583333333332 0.6736718749999999 0.16179166666666667 0.74925 0.13139583333333332 0.76046875 0.16370833333333332 0.79084375 0.16227083333333334 0.790125 0.24425 0.731890625 0.24375 0.730453125 0.21047916666666666
0 0.6346093749999999 0.383125 0.6346093749999999 0.29825 0.69103125 0.2977708333333334 0.691390625 0.3358541666666667 0.731171875 0.3483958333333333 0.7308125000000001 0.29583333333333334 0.789390625 0.29583333333333334 0.791921875 0.38697916666666665 0.757203125 0.3874583333333333 0.748890625 0.42362500000000003 0.6624531250000001 0.3942083333333333 0.66209375 0.38166666666666665
0 0.871875 0.29041666666666666 0.848015625 0.2904375 0.84621875 0.36133333333333334 0.9113125 0.36325 0.91059375 0.3048958333333333 0.9246874999999999 0.2981458333333334 0.910953125 0.18725 0.911671875 0.1616875 0.84621875 0.15975 0.847296875 0.23064583333333333 0.8682812500000001 0.2330625
0 0.944375 0.5339583333333333 0.941546875 0.5214583333333334 0.9393750000000001 0.48818750000000005 0.9787968749999999 0.49156249999999996 0.978078125 0.5315833333333333 0.97084375 0.5460625 0.9914531249999999 0.5557083333333334 0.97265625 0.6656458333333333 0.982421875 0.6671041666666666 0.979890625 0.7871666666666666 0.941546875 0.7881250000000001 0.94371875 0.7283333333333334 0.9057499999999999 0.6974791666666668 0.915875 0.6622708333333333 0.8952500000000001 0.6507083333333333 0.9216562500000001 0.5301458333333333
0 0.7462500000000001 0.784375 0.7435937499999999 0.6635416666666667 0.727171875 0.6617708333333333 0.722828125 0.64325 0.732375 0.6328333333333334 0.7089375 0.5477708333333333 0.68246875 0.555875 0.68246875 0.5234791666666667 0.6464531250000001 0.5257916666666667 0.6464531250000001 0.5715 0.6308281250000001 0.535625 0.6086875 0.5460416666666668 0.618234375 0.5877083333333334 0.554 0.6218541666666667 0.5804843749999999 0.7103750000000001 0.592625 0.7069166666666666 0.5961093749999999 0.7283124999999999 0.595234375 0.7890833333333334 0.63515625 0.7896458333333333 0.632125 0.6936041666666667 0.696359375 0.6600416666666666 0.701125 0.6716041666666667 0.704609375 0.7856041666666667
