0 0.7882708333333334 0.21185937499999996 0.7876875 0.11767187499999991 0.754125 0.11767187499999991 0.7431249999999999 0.11334374999999994 0.6569166666666667 0.130265625 0.6551666666666667 0.11724999999999994 0.5452291666666667 0.11854687500000001 0.5469583333333333 0.21403125000000003 0.6273958333333333 0.211421875 0.6360833333333333 0.21967187499999996 0.7026249999999999 0.20490624999999998 0.7055208333333333 0.21185937499999996
0 0.1943541666666667 0.840171875 0.15102083333333333 0.8376718750000001 0.1351875 0.855796875 0.07770833333333332 0.831421875 0.106875 0.797671875 0.10270833333333333 0.769546875 0.1293541666666667 0.767671875 0.1476875 0.739546875 0.11185416666666666 0.741421875 0.109375 0.6833125 0.19352083333333334 0.6814375 0.19602083333333334 0.742046875 0.15602083333333333 0.742046875 0.1501875 0.7514218749999999 0.20268750000000002 0.7751718750000001 0.19602083333333334 0.7914218749999999
0 0.27125 0.8009375000000001 0.2326666666666667 0.803515625 0.23024999999999998 0.886328125 0.3802291666666667 0.8856093749999999 0.3758958333333334 0.8501562500000001 0.45447916666666666 0.68959375 0.37395833333333334 0.66390625 0.3720208333333333 0.63534375 0.23122916666666665 0.636421875 0.233625 0.715265625 0.31464583333333335 0.714171875
0 0.277375 0.59271875 0.19983333333333334 0.5935937499999999 0.20041666666666666 0.52503125 0.28027083333333336 0.52371875 0.2825833333333333 0.53978125 0.3311875 0.54325 0.33233333333333337 0.525890625 0.4075625 0.52503125 0.40697916666666667 0.54715625 0.4029375 0.5996718750000001 0.277375 0.587078125
0 0.3082708333333333 0.458453125 0.3082708333333333 0.48846875 0.4114791666666667 0.48810937499999996 0.41002083333333333 0.399859375 0.38687499999999997 0.401671875 0.3724166666666667 0.3897343749999999 0.2229375 0.375625 0.21762499999999999 0.40093750000000006 0.16795833333333335 0.399859375 0.16554166666666664 0.491 0.26585416666666667 0.48810937499999996 0.26585416666666667 0.45375
0 0.22543749999999999 0.30860937499999996 0.24327083333333333 0.3100625 0.24327083333333333 0.3664843749999999 0.15889583333333332 0.36720312499999996 0.16179166666666667 0.326328125 0.13139583333333332 0.25075000000000003 0.16370833333333332 0.23953124999999992 0.16227083333333334 0.20915625000000002 0.24425 0.2098750000000001 0.24375 0.268109375 0.21047916666666666 0.26954687499999996
0 0.383125 0.365390625 0.29825 0.365390625 0.2977708333333334 0.30896875 0.3358541666666667 0.30860937499999996 0.3483958333333333 0.2688281249999999 0.29583333333333334 0.26918749999999997 0.29583333333333334 0.21060937499999993 0.38697916666666665 0.20807812500000003 0.3874583333333333 0.24279687499999997 0.42362500000000003 0.25110937499999997 0.3942083333333333 0.33754687499999997 0.38166666666666665 0.33790624999999996
0 0.29041666666666666 0.128125 0.2904375 0.15198437499999998 0.36133333333333334 0.15378124999999992 0.36325 0.08868749999999999 0.3048958333333333 0.08940625000000005 0.2981458333333334 0.07531250000000007 0.18725 0.08904687500000001 0.1616875 0.08832812499999995 0.15975 0.15378124999999992 0.23064583333333333 0.15270312500000002 0.2330625 0.13171874999999994
0 0.5339583333333333 0.055625000000000036 0.5214583333333334 0.05845312499999995 0.48818750000000005 0.06062499999999993 0.49156249999999996 0.02120312500000008 0.5315833333333333 0.02192187499999996 0.5460625 0.02915624999999995 0.5557083333333334 0.008546875000000042 0.6656458333333333 0.02734375 0.6671041666666666 0.017578125 0.7871666666666666 0.020109375000000006 0.7881250000000001 0.05845312499999995 0.7283333333333334 0.05628124999999997 0.6974791666666668 0.09425000000000008 0.6622708333333333 0.08412500000000005 0.6507083333333333 0.10474999999999994 0.5301458333333333 0.07834374999999998
0 0.784375 0.25375 0.6635416666666667 0.25640625000000006 0.6617708333333333 0.27282812500000003 0.64325 0.27717187499999996 0.6328333333333334 0.26762499999999995 0.5477708333333333 0.29106249999999995 0.555875 0.31753125000000004 0.5234791666666667 0.31753125000000004 0.5257916666666667 0.353546875 0.5715 0.353546875 0.535625 0.369171875 0.5460416666666668 0.3913124999999999 0.5877083333333334 0.381765625 0.6218541666666667 0.4459999999999999 0.7103750000000001 0.419515625 0.7069166666666666 0.40737500000000004 0.7283124999999999 0.403890625 0.7890833333333334 0.404765625 0.7896458333333333 0.36484375 0.6936041666666667 0.3678749999999999 0.6600416666666666 0.303640625 0.6716041666666667 0.29887499999999995 0.7856041666666667 0.295390625
