0 0.387125 0.28099999999999997 0.39868750000000014 0.27697916666666667 0.39768749999999997 0.19316666666666674 0.3368281250000001 0.18914583333333337 0.336328125 0.23539583333333336 0.33179687500000005 0.2454583333333333 0.3428593749999999 0.3038125 0.33431250000000007 0.30245833333333333 0.33431250000000007 0.3923125 0.3961718750000001 0.3950000000000001 0.39768749999999997 0.31789583333333327 0.39215625000000004 0.31520833333333337
0 0.9444687500000001 0.23225000000000004 0.9474843749999999 0.1926875 0.9746406249999999 0.19068749999999995 0.9821875 0.19737500000000002 0.999796875 0.19872916666666665 1.0 0.216125 1.0 0.28320833333333334 0.9811875000000001 0.28320833333333334 0.9837031250000001 0.31272916666666667 1.0 0.3164583333333333 1.0 0.40393749999999995 0.935421875 0.4052708333333333 0.935921875 0.3891666666666667 0.93240625 0.3824583333333333 0.934921875 0.3563124999999999 0.93240625 0.3522916666666667 0.93240625 0.23627083333333337
0 0.668265625 0.22735416666666666 0.6667500000000001 0.20187499999999994 0.67128125 0.19718749999999996 0.72559375 0.19718749999999996 0.72559375 0.28235416666666663 0.6657500000000001 0.28502083333333333 0.667765625 0.3111875 0.72559375 0.3125208333333333 0.726609375 0.40037500000000004 0.66171875 0.39902083333333327 0.66171875 0.35812499999999997 0.627015625 0.3621458333333333 0.6224999999999999 0.35275 0.60790625 0.26020833333333326 0.6129375 0.24077083333333332 0.6556875 0.23808333333333329 0.66121875 0.24077083333333332
0 0.4841875 0.24210416666666662 0.4836875000000001 0.19583333333333333 0.546046875 0.19316666666666674 0.54403125 0.2803333333333333 0.51034375 0.2796666666666667 0.513859375 0.31185416666666665 0.546046875 0.3138541666666666 0.544546875 0.39768749999999997 0.4811718750000001 0.3983541666666666 0.4831875 0.3701875 0.471109375 0.36749999999999994 0.466078125 0.3574583333333333 0.460546875 0.2669166666666667 0.46457812499999995 0.24814583333333337
0 0.21570312500000002 0.27422916666666663 0.25028125 0.2747083333333334 0.24993749999999987 0.18622916666666664 0.19164062499999995 0.1871458333333333 0.19234375000000004 0.23093750000000005 0.16090625000000003 0.2500208333333333 0.16090625000000003 0.2579375 0.18674999999999997 0.35618750000000005 0.19090624999999992 0.3645833333333333 0.19056250000000005 0.3887916666666667 0.25171875000000005 0.39297916666666666 0.25101562499999996 0.31056249999999996 0.22376562499999997 0.30868750000000006
0 0.11967187500000005 0.582625 0.059812499999999956 0.582625 0.059812499999999956 0.6201875 0.034171875000000004 0.6268958333333333 0.03315625000000004 0.6503541666666666 0.03567187500000006 0.7368541666666667 0.04674999999999994 0.7428958333333334 0.060328125000000024 0.7489375 0.058812499999999976 0.7804375 0.11865625000000009 0.7784375 0.12067187500000003 0.7563124999999999 0.13576562499999997 0.7462500000000001 0.13878125000000008 0.7315 0.13123437500000001 0.637625 0.12670312500000006 0.6195 0.12015624999999996 0.60875
0 0.37575000000000003 0.664875 0.396265625 0.6664999999999999 0.396875 0.5820000000000001 0.336515625 0.5795833333333333 0.337125 0.6544166666666666 0.341953125 0.6544166666666666 0.31781249999999994 0.6858125 0.316 0.6994791666666667 0.322640625 0.7115416666666666 0.3353125 0.7228125 0.3341093749999999 0.7783333333333334 0.3872187499999999 0.7807499999999999 0.403515625 0.7638541666666666 0.40653125 0.7421249999999999 0.41624999999999995 0.7170833333333333
0 0.504296875 0.6688958333333334 0.5356875 0.672125 0.544734375 0.6632708333333334 0.5459375 0.5924583333333333 0.53446875 0.5771666666666666 0.4759375 0.5739583333333333 0.47471874999999997 0.6230416666666667 0.463859375 0.6286666666666666 0.45903124999999995 0.6318958333333333 0.4530000000000001 0.7397083333333333 0.45903124999999995 0.7461458333333333 0.480765625 0.7477708333333334 0.480765625 0.7807499999999999 0.538703125 0.7831666666666667 0.539296875 0.7043125 0.50128125 0.7010833333333333
0 0.722171875 0.7062083333333333 0.6623281249999999 0.7007916666666667 0.640703125 0.6907291666666667 0.65378125 0.6518333333333334 0.6588125 0.6525 0.6593125000000001 0.6712708333333334 0.722671875 0.6672499999999999 0.7246875 0.5908125000000001 0.715140625 0.5867916666666666 0.713125 0.5787291666666666 0.67540625 0.5787291666666666 0.6703749999999999 0.5874583333333334 0.6638437500000001 0.5901458333333333 0.661328125 0.6223333333333334 0.619578125 0.6015416666666666 0.584875 0.7028541666666667 0.587390625 0.7108333333333333 0.6160625 0.7276041666666667 0.631140625 0.7302916666666666 0.6391875 0.6961458333333332 0.661828125 0.7088333333333333 0.6633281249999999 0.7839375000000001 0.721671875 0.7852708333333334
0 0.934375 0.5877083333333334 0.93453125 0.6256875000000001 0.9188906250000001 0.6372916666666666 0.9110781250000001 0.6488750000000001 0.9023749999999999 0.7508333333333332 0.910203125 0.756625 0.940625 0.7624375000000001 0.940625 0.7890833333333334 0.99884375 0.7890833333333334 1.0 0.7361041666666667 1.0 0.709125 0.96321875 0.709125 0.9666874999999999 0.6674166666666667 1.0 0.6708333333333333 1.0 0.5885833333333333 0.98059375 0.5874583333333334 0.977125 0.5793541666666667 0.9545312499999999 0.5805 0.9493124999999999 0.5874583333333334
