0 0.6128750000000001 0.719 0.6013124999999999 0.7230208333333333 0.6023125 0.8068333333333333 0.663171875 0.8108541666666667 0.663671875 0.7646041666666666 0.668203125 0.7545416666666667 0.657140625 0.6961875000000001 0.6656875 0.6975416666666666 0.6656875 0.6076875 0.6038281249999999 0.605 0.6023125 0.6821041666666667 0.60784375 0.6847916666666667
0 0.05553125 0.7677499999999999 0.052515624999999996 0.8073125 0.025359375 0.8093125000000001 0.017812500000000002 0.802625 0.00020312500000000002 0.8012708333333334 0 0.783875 0 0.7167916666666667 0.0188125 0.7167916666666667 0.016296875 0.6872708333333333 0 0.6835416666666667 0 0.5960625 0.064578125 0.5947291666666668 0.064078125 0.6108333333333333 0.06759375 0.6175416666666667 0.065078125 0.6436875000000001 0.06759375 0.6477083333333333 0.06759375 0.7637291666666666
0 0.331734375 0.7726458333333334 0.33325 0.7981250000000001 0.32871875 0.8028125 0.27440625 0.8028125 0.27440625 0.7176458333333334 0.33425 0.7149791666666666 0.33223437499999997 0.6888124999999999 0.27440625 0.6874791666666666 0.273390625 0.599625 0.33828125 0.6009791666666667 0.33828125 0.6418750000000001 0.37298437500000003 0.6378541666666667 0.3775 0.64725 0.39209375 0.7397916666666667 0.3870625 0.7592291666666667 0.3443125 0.7619166666666667 0.33878125 0.7592291666666667
0 0.5158125 0.7578958333333333 0.5163125 0.8041666666666667 0.45395312499999996 0.8068333333333333 0.45596875 0.7196666666666667 0.48965625 0.7203333333333333 0.486140625 0.6881458333333333 0.45395312499999996 0.6861458333333333 0.455453125 0.6023125 0.518828125 0.6016458333333333 0.5168125 0.6298125 0.5288906250000001 0.6325000000000001 0.533921875 0.6425416666666667 0.539453125 0.7330833333333333 0.535421875 0.7518541666666666
0 0.784296875 0.7257708333333334 0.74971875 0.7252916666666667 0.7500625000000001 0.8137708333333333 0.808359375 0.8128541666666667 0.80765625 0.7690625 0.83909375 0.7499791666666666 0.83909375 0.7420625 0.81325 0.6438124999999999 0.8090937500000001 0.6354166666666666 0.8094374999999999 0.6112083333333334 0.74828125 0.6070208333333333 0.748984375 0.6894375 0.776234375 0.6913125
0 0.8803281249999999 0.417375 0.9401875000000001 0.417375 0.9401875000000001 0.3798125 0.965828125 0.3731041666666667 0.96684375 0.3496458333333334 0.964328125 0.26314583333333336 0.95325 0.25710416666666663 0.9396718749999999 0.2510625 0.9411875000000001 0.2195625 0.8813437499999999 0.2215625 0.879328125 0.2436875 0.864234375 0.25375 0.8612187499999999 0.2685 0.868765625 0.362375 0.873296875 0.38049999999999995 0.87984375 0.39125000000000004
0 0.62425 0.335125 0.6037343749999999 0.3335 0.603125 0.418 0.663484375 0.4204166666666667 0.662875 0.3455833333333333 0.6580468749999999 0.3455833333333333 0.6821875000000001 0.3141875 0.6839999999999999 0.30052083333333335 0.677359375 0.28845833333333337 0.6646875 0.27718750000000003 0.6658906250000001 0.22166666666666668 0.61278125 0.21925 0.596484375 0.23614583333333333 0.59346875 0.257875 0.58375 0.2829166666666667
0 0.495703125 0.3311041666666667 0.4643125 0.32787499999999997 0.455265625 0.33672916666666663 0.45406250000000004 0.4075416666666667 0.46553125 0.42283333333333334 0.5240625 0.42604166666666665 0.52528125 0.37695833333333334 0.536140625 0.37133333333333335 0.54096875 0.3681041666666667 0.5469999999999999 0.26029166666666664 0.54096875 0.25385416666666666 0.519234375 0.25222916666666667 0.519234375 0.21925 0.46129687500000005 0.21683333333333332 0.46070312500000005 0.2956875 0.49871875 0.29891666666666666
0 0.277828125 0.2937916666666667 0.337671875 0.29920833333333335 0.35929687499999996 0.30927083333333333 0.34621875 0.3481666666666667 0.34118750000000003 0.34750000000000003 0.3406875 0.32872916666666663 0.27732812500000004 0.33275 0.27531249999999996 0.4091875 0.284859375 0.41320833333333334 0.286875 0.42127083333333337 0.32459375 0.42127083333333337 0.329625 0.4125416666666667 0.33615625 0.40985416666666663 0.338671875 0.37766666666666665 0.380421875 0.3984583333333333 0.415125 0.29714583333333333 0.412609375 0.2891666666666667 0.3839375 0.27239583333333334 0.368859375 0.2697083333333333 0.3608125 0.30385416666666665 0.338171875 0.29116666666666663 0.336671875 0.2160625 0.278328125 0.21472916666666667
0 0.065625 0.41229166666666667 0.06546874999999999 0.3743125 0.081109375 0.3627083333333333 0.088921875 0.35112499999999996 0.09762499999999999 0.24916666666666665 0.089796875 0.24337499999999998 0.059375 0.2375625 0.059375 0.21091666666666667 0.00115625 0.21091666666666667 0 0.26389583333333333 0 0.290875 0.03678125 0.290875 0.0333125 0.3325833333333333 0 0.32916666666666666 0 0.41141666666666665 0.01940625 0.4125416666666667 0.022875 0.42064583333333333 0.04546875 0.41950000000000004 0.050687499999999996 0.4125416666666667
