0 0.27125 0.803125 0.23029166666666667 0.8058125 0.22977083333333334 0.890578125 0.38218749999999996 0.886296875 0.3790833333333333 0.8478125000000001 0.45579166666666665 0.688015625 0.3718125 0.662359375 0.3738958333333333 0.636296875 0.2308125 0.637859375 0.232875 0.715625 0.3127083333333333 0.715234375
0 0.28 0.53828125 0.27939583333333334 0.526515625 0.19854166666666667 0.525578125 0.19729166666666667 0.593703125 0.2812708333333333 0.591359375 0.28935416666666663 0.587625 0.31485416666666666 0.5904375 0.31610416666666663 0.5997656250000001 0.4056875 0.5992968750000001 0.41083333333333333 0.5490625 0.40854166666666664 0.54640625 0.4075 0.52578125 0.33289583333333334 0.526515625 0.33166666666666667 0.542375
0 0.4064375 0.48615624999999996 0.3087708333333333 0.4875625 0.30752083333333335 0.45815625000000004 0.2652291666666667 0.45303125 0.2677083333333333 0.486625 0.16195833333333332 0.488953125 0.16133333333333333 0.40170312499999994 0.21670833333333334 0.40217187499999996 0.22166666666666668 0.376515625 0.37595833333333334 0.3881718750000001 0.37906249999999997 0.40123437500000003 0.4070625 0.40078125
0 0.33395833333333336 0.30546875 0.2951666666666667 0.30671875000000004 0.2964583333333334 0.366015625 0.38329166666666664 0.366328125 0.382 0.3375 0.39410416666666664 0.3375 0.4238958333333333 0.25001562499999996 0.39366666666666666 0.243859375 0.39149999999999996 0.213078125 0.29733333333333334 0.21178125000000003 0.30120833333333336 0.26784375000000005 0.34831249999999997 0.26815625
0 0.24177083333333332 0.36556250000000007 0.16358333333333333 0.36717187500000004 0.16402083333333334 0.3289375 0.13075 0.25215624999999997 0.16358333333333333 0.23821874999999987 0.1605625 0.211328125 0.24522916666666666 0.21068749999999986 0.24264583333333334 0.2677031249999999 0.20635416666666667 0.26803125000000005 0.22362500000000002 0.31046874999999996 0.2435 0.31046874999999996
0 0.29125 0.12718749999999995 0.29287500000000005 0.15123437499999995 0.3624375 0.15350000000000003 0.36502083333333335 0.08901562500000004 0.30541666666666667 0.08901562500000004 0.29935416666666664 0.07540624999999998 0.27689583333333334 0.07735937499999998 0.27299999999999996 0.08026562500000001 0.20735416666666667 0.08771874999999998 0.19827083333333334 0.08642187499999991 0.18185416666666668 0.08771874999999998 0.15939583333333335 0.08804687500000004 0.15810416666666666 0.15317187499999996 0.22764583333333333 0.15446875000000002 0.2311041666666667 0.13340625
0 0.6781874999999999 0.02678124999999998 0.7196666666666667 0.015890624999999936 0.7476458333333333 0.021718749999999964 0.7880833333333332 0.02017187499999995 0.7896458333333333 0.05789062499999993 0.7227708333333334 0.05593749999999993 0.7025625000000001 0.09287500000000008 0.6616041666666667 0.08159375000000005 0.6538333333333333 0.10376562499999994 0.5262916666666667 0.07848437500000002 0.5382291666666668 0.05360937499999992 0.5268125 0.054390624999999915 0.5226666666666666 0.060609374999999945 0.48741666666666666 0.062156249999999955 0.48741666666666666 0.024062499999999966 0.5392499999999999 0.022109374999999966 0.5418541666666666 0.032218750000000004 0.5475625 0.031828125000000006 0.5553333333333333 0.008890625000000086 0.6704166666666667 0.03145312499999999
0 0.6619166666666667 0.30457812500000003 0.6743541666666667 0.2999062500000001 0.7899583333333333 0.2971874999999999 0.7941041666666667 0.25364062499999995 0.6655416666666666 0.2544218750000001 0.6645 0.27074999999999994 0.646875 0.27503124999999995 0.6375416666666667 0.262203125 0.5432083333333334 0.2936875 0.5520208333333334 0.316625 0.5214166666666666 0.316625 0.5245416666666667 0.35512499999999997 0.5722291666666667 0.35512499999999997 0.5323125 0.3710625 0.5437083333333333 0.396328125 0.590375 0.3834999999999999 0.6251041666666667 0.446875 0.7168541666666666 0.41771874999999986 0.7132291666666667 0.406828125 0.7427916666666667 0.400609375 0.7845833333333334 0.40515625 0.7875 0.36765625 0.7318958333333333 0.368734375 0.69975 0.3811718749999999
0 0.7887500000000001 0.11859374999999997 0.6813541666666667 0.11970312500000002 0.6808333333333334 0.12748437500000004 0.653875 0.13214062500000007 0.6518125 0.11853125000000002 0.5450208333333334 0.11853125000000002 0.5501874999999999 0.21340625000000008 0.6321041666666667 0.21262499999999998 0.6388333333333333 0.21884375 0.6746041666666667 0.21184374999999997 0.6772083333333333 0.20679687500000005 0.703125 0.20251562500000003 0.703125 0.21145312500000008 0.7871041666666667 0.21107812500000006
0 0.15229166666666666 0.8387343749999999 0.19470833333333332 0.8383749999999999 0.19422916666666667 0.788828125 0.20435416666666667 0.7758125 0.15083333333333335 0.7474999999999999 0.15806250000000002 0.74071875 0.19327083333333334 0.7414531249999999 0.19327083333333334 0.68321875 0.109375 0.683578125 0.10839583333333333 0.74071875 0.15325 0.740359375 0.1440833333333333 0.7512187499999999 0.07512500000000001 0.8264374999999999 0.13491666666666668 0.85609375
